%YAML:1.0
model_type: POLYFISHEYE
camera_name: sphere_sweep
image_width: 752
image_height: 480
projection_parameters:
   k2: -7.5578230471389507e-03
   k3: 8.2529764238930478e-03
   k4: -1.1809973573457321e-02
   k5: -3.1761181168899252e-03
   k6: 8.5831298415200048e-03
   k7: -3.4049144462396552e-03
   A11: 1.9868331154982494e+02
   A12: 5.9966005785076146e-02
   A22: 1.9887614781419160e+02
   u0: 3.6997285690710652e+02
   v0: 2.3690151946542741e+02
   isFast: 1
   numDiff: 4000
   maxIncidentAngle: 110
