cam0:
  T_cam_imu:
  - [0.999914665317182, -0.012666460726989475, 0.003197320171640536, -0.040794733529963156]
  - [0.01268471607209957, 0.9999029821203144, -0.005755373582389274, 0.010664075781362872]
  - [-0.0031241097609663203, 0.005795439547978977, 0.9999783261744464, 0.008204787056486522]
  - [0.0, 0.0, 0.0, 1.0]
  cam_overlaps: [1]
  camera_model: pinhole
  distortion_coeffs: [-0.30145968356676456, 0.097259709675039, -0.0002515019773675357,
    -0.0005624105020863163]
  distortion_model: radtan
  intrinsics: [471.5828251357715, 471.9203812192671, 355.28953310993563, 230.30729598173446]
  resolution: [752, 480]
  rostopic: /cam0/image_raw
cam1:
  T_cam_imu:
  - [0.9998980410485099, -0.01127284729566373, -0.008765296412646858, 0.06901603059148712]
  - [0.011242617699499325, 0.9999307077793268, -0.0034904422639353474, 0.010758832403081661]
  - [0.00880403626842924, 0.0033915415055116973, 0.9999554922053286, 0.008589600720543494]
  - [0.0, 0.0, 0.0, 1.0]
  T_cn_cnm1:
  - [0.9999274766848467, 0.0014621166792429829, -0.011954228770187841, 0.1098902953305492]
  - [-0.0014350847869721637, 0.9999963948348463, 0.0022695481847104853, 1.7630006425765457e-05]
  - [0.011957504017474061, -0.00225222825770415, 0.9999259700425555, 0.0008972421869869998]
  - [0.0, 0.0, 0.0, 1.0]
  cam_overlaps: [0]
  camera_model: pinhole
  distortion_coeffs: [-0.2981365045773221, 0.09247390110309113, -2.245287144452308e-05,
    -0.0005058184835257142]
  distortion_model: radtan
  intrinsics: [470.22296585251604, 470.7484099620502, 386.44833354485814, 215.48329019718503]
  resolution: [752, 480]
  rostopic: /cam1/image_raw
