cam0:
  cam_overlaps: [1]
  camera_model: pinhole
  distortion_coeffs: [-0.30145968356676456, 0.097259709675039, -0.0002515019773675357,
    -0.0005624105020863163]
  distortion_model: radtan
  intrinsics: [471.5828251357715, 471.9203812192671, 355.28953310993563, 230.30729598173446]
  resolution: [752, 480]
  rostopic: /cam0/image_raw
cam1:
  T_cn_cnm1:
  - [0.999927476684846, 0.0014621166792429827, -0.01195422877018784, 0.1098902953305492]
  - [-0.0014350847869721635, 0.9999963948348456, 0.0022695481847104853, 1.7630006425765457e-05]
  - [0.01195750401747406, -0.00225222825770415, 0.9999259700425548, 0.0008972421869869998]
  - [0.0, 0.0, 0.0, 1.0]
  cam_overlaps: [0]
  camera_model: pinhole
  distortion_coeffs: [-0.2981365045773221, 0.09247390110309113, -2.245287144452308e-05,
    -0.0005058184835257142]
  distortion_model: radtan
  intrinsics: [470.22296585251604, 470.7484099620502, 386.44833354485814, 215.48329019718503]
  resolution: [752, 480]
  rostopic: /cam1/image_raw
