cam0:
  cam_overlaps: [1]
  camera_model: pinhole
  distortion_coeffs: [-0.2997493046323177, 0.09538277522623304, -3.949561182735437e-05,
    -0.00038735618688347717]
  distortion_model: radtan
  intrinsics: [470.57998085970013, 470.81737359662117, 359.64961376216576, 250.26872216088455]
  resolution: [752, 480]
  rostopic: /cam0/image_raw
cam1:
  T_cn_cnm1:
  - [0.9999985071941718, 0.0016452152774612996, -0.0005280872148110841, 0.10993523710929223]
  - [-0.0016446036864711142, 0.9999979789172792, 0.0011564774356499611, 0.0001703011565923888]
  - [0.0005299888018483129, -0.0011556072150734557, 0.9999991918415846, 0.0008206626010499166]
  - [0.0, 0.0, 0.0, 1.0]
  cam_overlaps: [0]
  camera_model: pinhole
  distortion_coeffs: [-0.2930320461754, 0.08501667468497115, 0.0002806281247626826,
    4.076377343204238e-05]
  distortion_model: radtan
  intrinsics: [467.48740166378445, 467.8730941261102, 374.5918266022028, 235.4393912751647]
  resolution: [752, 480]
  rostopic: /cam1/image_raw
