cam0:
  T_cam_imu:
  - [0.9998669490516727, -0.01620327296909828, -0.0018809942019997936, -0.0377813746183249]
  - [0.0161913349360171, 0.9998497058978961, -0.006197280764964697, 0.008175519220686715]
  - [0.001981127731566007, 0.006166000403744584, 0.9999790275660443, 0.007722577526757717]
  - [0.0, 0.0, 0.0, 1.0]
  cam_overlaps: [1]
  camera_model: pinhole
  distortion_coeffs: [-0.2997493046323177, 0.09538277522623304, -3.949561182735437e-05,
    -0.00038735618688347717]
  distortion_model: radtan
  intrinsics: [470.57998085970013, 470.81737359662117, 359.64961376216576, 250.26872216088455]
  resolution: [752, 480]
  rostopic: /cam0/image_raw
cam1:
  T_cam_imu:
  - [0.9998910484678436, -0.014561536955429385, -0.002419263394570786, 0.07216329118588911]
  - [0.014549208471117622, 0.9998814639217316, -0.005037721568245504, 0.00841687022851052]
  - [0.0024923335933628656, 0.005001974333287911, 0.9999843841410869, 0.008513762492277118]
  - [0.0, 0.0, 0.0, 1.0]
  T_cn_cnm1:
  - [0.9999985071941745, 0.0016452152774612996, -0.000528087214811084, 0.10993523710929223]
  - [-0.0016446036864711142, 0.9999979789172818, 0.0011564774356499611, 0.0001703011565923888]
  - [0.0005299888018483128, -0.0011556072150734557, 0.9999991918415873, 0.0008206626010499166]
  - [0.0, 0.0, 0.0, 1.0]
  cam_overlaps: [0]
  camera_model: pinhole
  distortion_coeffs: [-0.2930320461754, 0.08501667468497115, 0.0002806281247626826,
    4.076377343204238e-05]
  distortion_model: radtan
  intrinsics: [467.48740166378445, 467.8730941261102, 374.5918266022028, 235.4393912751647]
  resolution: [752, 480]
  rostopic: /cam1/image_raw
