cam0:
  T_cam_imu:
  - [0.9999094361381725, 0.013280334242620236, -0.002179964276457902, -0.04120042003824885]
  - [-0.013235022722088615, 0.9997197489095883, 0.01962798547217735, 0.031773533303275786]
  - [0.0024400195466721753, -0.019597356009280833, 0.9998049759538395, -0.02491934622933663]
  - [0.0, 0.0, 0.0, 1.0]
  cam_overlaps: [1]
  camera_model: pinhole
  distortion_coeffs: [-0.2860257300369246, 0.08711003951991249, 0.004792336054448033,
    -6.486468580368658e-05]
  distortion_model: radtan
  intrinsics: [454.2054629991089, 457.33560363977205, 377.5066415569141, 215.8006396635025]
  resolution: [752, 480]
  rostopic: /cam0/image_raw
cam1:
  T_cam_imu:
  - [0.9999911082383129, 0.0035331335344938016, -0.002302262308791765, 0.06807530392469402]
  - [-0.003480682274277046, 0.9997429953250748, 0.02240152113927151, 0.03134132043652403]
  - [0.002380818182176333, -0.02239330850667516, 0.9997464035638781, -0.024675700778633222]
  - [0.0, 0.0, 0.0, 1.0]
  T_cn_cnm1:
  - [0.9999524852256051, -0.009747950440602539, 6.894446261506871e-05, 0.10958521121317753]
  - [0.009747719568564867, 0.9999485799009655, 0.0027963399740235095, 4.071403610485987e-05]
  - [-9.619950096583036e-05, -0.002795535055273142, 0.9999960878570506, 0.00032840852899074523]
  - [0.0, 0.0, 0.0, 1.0]
  cam_overlaps: [0]
  camera_model: pinhole
  distortion_coeffs: [-0.2850731296133328, 0.08503821734952068, 0.004654403764703568,
    0.0004828138023750604]
  distortion_model: radtan
  intrinsics: [456.7450164330277, 459.8770974695283, 380.3680965954139, 200.4684409691214]
  resolution: [752, 480]
  rostopic: /cam1/image_raw
