cam0:
  cam_overlaps: [1]
  camera_model: pinhole
  distortion_coeffs: [-0.30318209155985004, 0.10098979237830372, -0.00019387518061923136,
    -0.0002792629287361328]
  distortion_model: radtan
  intrinsics: [467.3271504698833, 467.70455760954127, 376.80265728738556, 233.92847709674484]
  resolution: [752, 480]
  rostopic: /cam0/image_raw
cam1:
  T_cn_cnm1:
  - [0.999959439941932, -0.008974553964248056, 0.0007588492329839566, 0.10992621838650399]
  - [0.008972347129113496, 0.9999556486168094, 0.0028631776627721147, 0.0001909624962798498]
  - [-0.0007845113194146194, -0.0028562528733828627, 0.9999956131711333, -0.00013928200487299997]
  - [0.0, 0.0, 0.0, 1.0]
  cam_overlaps: [0]
  camera_model: pinhole
  distortion_coeffs: [-0.30584354975477673, 0.10493867176522186, -0.00020731331123440984,
    0.00023111177321248248]
  distortion_model: radtan
  intrinsics: [470.1409801766496, 470.4224053953631, 378.9135650539438, 218.51603476480312]
  resolution: [752, 480]
  rostopic: /cam1/image_raw
